{
    "cams": [
        [
            [
                -0.021691852361583386,
                0.9936355766346013,
                -0.11053417746175417,
                0.38249895123759825
            ],
            [
                0.999749339500649,
                0.020945589569246945,
                -0.007908251741855136,
                -1.2107308364507496
            ],
            [
                -0.005542716765201411,
                -0.11067801553885884,
                -0.9938408600813515,
                -0.3164664824987366
            ],
            [
                0.0,
                0.0,
                0.0,
                1.0
            ]
        ],
        [
            [
                -0.027151272085891336,
                0.8775890118028083,
                0.47864426747542693,
                5.45906841377968
            ],
            [
                0.9995811190332271,
                0.028634670432296512,
                0.004200252553773448,
                -1.085306717695197
            ],
            [
                -0.00978512148364263,
                0.47074531470184355,
                -0.8779988741971123,
                0.614540353996859
            ],
            [
                0.0,
                0.0,
                0.0,
                1.0
            ]
        ],
        [
            [
                -0.023914987094891673,
                0.9283433416484907,
                0.3709537887785549,
                4.632379506954798
            ],
            [
                0.9997044218772595,
                0.023811036949816802,
                0.004860730619591585,
                -1.1316331401479043
            ],
            [
                -0.004320367465035915,
                0.3709604757060887,
                -0.9286386056419791,
                0.08735814599909965
            ],
            [
                0.0,
                0.0,
                0.0,
                1.0
            ]
        ],
        [
            [
                0.005035320182880248,
                0.9927344903920329,
                0.12022011951648144,
                2.566954555335239
            ],
            [
                0.99996819141903,
                -0.004255050806789604,
                -0.006746161337066918,
                -1.1633606172672595
            ],
            [
                -0.006185604320515191,
                0.12025026456741308,
                -0.9927243384593939,
                -0.63291903964464
            ],
            [
                0.0,
                0.0,
                0.0,
                1.0
            ]
        ],
        [
            [
                6.9565698935052445e-06,
                0.9997650565035242,
                0.021675602554740884,
                1.4697833120403732
            ],
            [
                0.999994037697163,
                -8.180486975700802e-05,
                0.003452227989029218,
                -1.1876658766745884
            ],
            [
                0.0034531900803587397,
                0.021675449274602018,
                -0.9997590961705728,
                -0.4714493307315539
            ],
            [
                0.0,
                0.0,
                0.0,
                1.0
            ]
        ],
        [
            [
                -0.0010975979097307643,
                0.9694507392217926,
                -0.24528363072400214,
                -0.6793528784097884
            ],
            [
                0.9999646454610587,
                0.0031089266389895368,
                0.00781296378415226,
                -1.23146494209156
            ],
            [
                0.008336852329725426,
                -0.2452663833416098,
                -0.9694198770892616,
                -0.197667335032617
            ],
            [
                0.0,
                0.0,
                0.0,
                1.0
            ]
        ],
        [
            [
                0.0031655109439154344,
                0.9336711596051783,
                -0.3581175020324829,
                -1.7467569972449581
            ],
            [
                0.9998855749005978,
                -0.00825272686131938,
                -0.012677918009410401,
                -1.2335880989046342
            ],
            [
                -0.014792452337757972,
                -0.3580363923135103,
                -0.9335904482871284,
                -0.06535681580218847
            ],
            [
                0.0,
                0.0,
                0.0,
                1.0
            ]
        ],
        [
            [
                -0.016482673758367164,
                0.8884760736124979,
                -0.458626850591954,
                -2.8162154540671436
            ],
            [
                0.9996565048992221,
                0.0052957505449843095,
                -0.025667630175709253,
                -1.2638370951979054
            ],
            [
                -0.02037630188348505,
                -0.45889238569002716,
                -0.888258174562592,
                0.058575077949641445
            ],
            [
                0.0,
                0.0,
                0.0,
                1.0
            ]
        ],
        [
            [
                -0.0038393829658539,
                0.8242526567485268,
                -0.5637677573825187,
                -3.3368782412232445
            ],
            [
                0.999740263573849,
                -0.00955608267335202,
                -0.020690255509822224,
                -1.2297211353882906
            ],
            [
                -0.02246473965423211,
                -0.5638222003649824,
                -0.8240018788481812,
                1.0893034080410309
            ],
            [
                0.0,
                0.0,
                0.0,
                1.0
            ]
        ],
        [
            [
                0.003666488229687146,
                0.7543069575526795,
                -0.6565116681904176,
                -4.242285441861706
            ],
            [
                0.9998861382115906,
                -0.012375446825938373,
                -0.008634751172445405,
                -1.2612750225413751
            ],
            [
                -0.014637878137674686,
                -0.6564052575224534,
                -0.7542664452436608,
                1.810258402773475
            ],
            [
                0.0,
                0.0,
                0.0,
                1.0
            ]
        ],
        [
            [
                -0.008935718106523223,
                0.9914598980887875,
                0.13009816433409468,
                6.133153709392468
            ],
            [
                0.996745543203036,
                -0.001592407815407909,
                0.08059644121362965,
                1.695593559312418
            ],
            [
                0.08011538582890375,
                0.13039495255797845,
                -0.9882199559311666,
                0.11623616367405958
            ],
            [
                0.0,
                0.0,
                0.0,
                1.0
            ]
        ],
        [
            [
                0.026936039390354733,
                0.9996008812291413,
                0.00851633887804044,
                5.146833166095445
            ],
            [
                0.9994978835347091,
                -0.02707351794841151,
                0.016462242724923318,
                1.65802341882222
            ],
            [
                0.01668623958831075,
                0.008068635065573664,
                -0.9998282185138506,
                -0.01686151554236617
            ],
            [
                0.0,
                0.0,
                0.0,
                1.0
            ]
        ],
        [
            [
                0.04662792210480707,
                0.9806842081542181,
                0.18995873435311536,
                3.172736320388944
            ],
            [
                0.9988547443287362,
                -0.04781626253486052,
                0.0016747445095984346,
                1.6169152528634223
            ],
            [
                5.143327521826e-05,
                0.1896630931787508,
                -0.9817906469679726,
                -0.6620459006027674
            ],
            [
                0.0,
                0.0,
                0.0,
                1.0
            ]
        ],
        [
            [
                0.026294308682809953,
                0.9972596339734345,
                0.06915079014779602,
                1.9090446392297926
            ],
            [
                0.9971555114381719,
                -0.0310536940891815,
                0.06867717300452254,
                1.5804044013992848
            ],
            [
                0.07063635989609525,
                0.06714827272973557,
                -0.9952394757695469,
                -0.5562021793091849
            ],
            [
                0.0,
                0.0,
                0.0,
                1.0
            ]
        ],
        [
            [
                0.009628138473666935,
                0.9971558803438832,
                -0.07474924243861858,
                0.8485715680559672
            ],
            [
                0.9984526085336782,
                -0.0054924365706067735,
                0.05533734410695288,
                1.5673025580966158
            ],
            [
                0.05476940260606596,
                -0.07516637171058176,
                -0.9956657717839061,
                -0.43087822381043295
            ],
            [
                0.0,
                0.0,
                0.0,
                1.0
            ]
        ],
        [
            [
                0.004402112534334629,
                0.9868517994702135,
                -0.16156777923718793,
                -0.27183752635238007
            ],
            [
                0.9996894514657295,
                -0.0003799589270119515,
                0.024916987365301797,
                1.5397154947223637
            ],
            [
                0.024455505450739115,
                -0.16162729198255912,
                -0.9865470067123009,
                -0.3024867617126862
            ],
            [
                0.0,
                0.0,
                0.0,
                1.0
            ]
        ],
        [
            [
                0.053585854700921774,
                0.9155992156729508,
                -0.398500968672862,
                -2.511588845477947
            ],
            [
                0.9985578949090572,
                -0.04782701029173166,
                0.024386627510717705,
                1.4918146349042158
            ],
            [
                0.003269050437629914,
                -0.39923759009596277,
                -0.9168416766070379,
                -0.05329388936869517
            ],
            [
                0.0,
                0.0,
                0.0,
                1.0
            ]
        ],
        [
            [
                0.07252567118077358,
                0.9226553457371818,
                -0.37874395622639506,
                -4.27388698049121
            ],
            [
                0.9880920114124924,
                -0.01480326753396779,
                0.15315038443677834,
                1.470820864399531
            ],
            [
                0.1356983727914053,
                -0.3853413762534712,
                -0.912742009205693,
                1.0775683612099058
            ],
            [
                0.0,
                0.0,
                0.0,
                1.0
            ]
        ],
        [
            [
                0.09869162665253231,
                0.8607754607660425,
                -0.4993251134998964,
                -5.1320916541042925
            ],
            [
                0.9925933647502762,
                -0.04943115222999322,
                0.11097285002621393,
                1.467773005080997
            ],
            [
                0.07084049041616322,
                -0.5065788855965302,
                -0.8592784517171224,
                1.5764770881861447
            ],
            [
                0.0,
                0.0,
                0.0,
                1.0
            ]
        ]
    ]
}